H1:
V1:
V2:
	4:
		(0.382353,0)
		(0.382353,0.0645562)
		(0.357722,0.12022)
		(0.316114,0.16918)
		(0.279098,0.221059)
		(0.243289,0.274773)
		(0.208863,0.329342)
		(0.178249,0.38615)
		(0.146401,0.442163)
		(0.113625,0.49736)
		(0.0858163,0.553793)
		(0.0588235,0.609915)
		(0.0367647,0.667954)
		(0.00359535,0.72075)
		(0.0253692,0.735294)
		(0.0899254,0.735294)
		(0.154482,0.735294)
		(0.219038,0.735294)
		(0.283594,0.735294)
		(0.347815,0.739342)
		(0.412098,0.742647)
		(0.475926,0.75)
		(0.539537,0.755826)
		(0.595588,0.759494)
		(0.595588,0.694938)
		(0.595588,0.630382)
		(0.595588,0.565826)
		(0.617647,0.54411)
		(0.617647,0.608666)
		(0.617647,0.673222)
		(0.617647,0.737778)
		(0.617647,0.802335)
		(0.617647,0.866891)
		(0.617647,0.931447)
		(0.617647,0.996003)
		(0.610294,1)
V3:
D1:
D2:
L1:
VV:
HH:
DD:
LL:
HV:
HD:
VD:
VL:
end