0.439778	0.804784	1.11464	1.40079	1.69549	2.01812	2.41492	2.88521	3.43374	4.06137	4.76834	5.54994	6.40817	7.34128	8.35099	9.4318	10.5627	11.7284	12.9254	14.1408	15.3452	16.512	17.6443	18.7549	19.8178	20.8268	21.7804	22.6752	23.5014	24.2589	24.9501	25.5673	26.1226	26.6176	27.0442	27.4133	
0.810204	0.587347	0.827725	1.04994	1.29123	1.57137	1.92974	2.36538	2.88074	3.47616	4.15168	4.90029	5.72377	6.62013	7.59196	8.63335	9.72153	10.8411	11.9887	13.1515	14.3005	15.4094	16.4813	17.5292	18.5278	19.4709	20.3573	21.1839	21.9414	22.6297	23.2515	23.799	24.2843	24.7094	25.0661	25.366	
1.10969	0.810206	0.754114	0.832304	0.927676	1.04901	1.21039	1.41161	1.65278	1.93395	2.25515	2.61174	3.00456	3.43254	3.89749	4.39626	4.91663	5.45083	5.99725	6.54974	7.09376	7.61649	8.11957	8.60953	9.07399	9.51007	9.91723	10.2941	10.6362	10.9436	11.2176	11.4545	11.6603	11.8365	11.9787	12.0935	
1.3423	0.96419	0.847134	0.803023	0.880199	0.98957	1.13766	1.32549	1.55239	1.81858	2.12428	2.46379	2.83798	3.24577	3.68955	4.16603	4.66217	5.17018	5.68858	6.21142	6.72427	7.21464	7.68418	8.13954	8.56865	8.96877	9.3395	9.67964	9.98492	10.2554	10.4926	10.6927	10.862	11.0027	11.1103	11.1926	
1.5166	1.06021	0.867069	0.873417	0.875351	0.982463	1.12367	1.30267	1.51862	1.77228	2.0643	2.38807	2.74455	3.13276	3.55571	4.01005	4.48194	4.9636	5.45373	5.9466	6.42792	6.88553	7.32119	7.74156	8.135	8.49888	8.83297	9.13627	9.40468	9.63838	9.83886	10.0025	10.1359	10.243	10.3193	10.3769	
1.64916	1.13529	0.922032	0.91996	0.958335	0.992317	1.12612	1.30112	1.51196	1.75793	2.04035	2.35186	2.69362	3.06478	3.46912	3.90322	4.35251	4.80921	5.2722	5.73601	6.18655	6.61204	7.01428	7.39999	7.75795	8.08572	8.38321	8.64967	8.8812	9.07812	9.24199	9.36934	9.46763	9.54429	9.59722	9.64817	
1.77425	1.249	1.05057	1.08819	1.02909	1.09475	1.14741	1.30956	1.51325	1.75563	2.03305	2.33632	2.66684	3.02396	3.41229	3.82846	4.25712	4.69056	5.12784	5.56379	5.98453	6.37873	6.7482	7.0997	7.42251	7.71434	7.97531	8.20494	8.3996	8.55978	8.68718	8.77876	8.84391	8.89873	8.94871	9.01644	
1.93109	1.42535	1.25281	1.1692	1.30715	1.19113	1.26851	1.34372	1.52925	1.76017	2.03292	2.33229	2.65539	3.00185	3.37714	3.77797	4.18828	4.60045	5.01371	5.42323	5.81538	6.17932	6.51689	6.83478	7.12285	7.37902	7.60358	7.79641	7.95419	8.07772	8.16897	8.22621	8.26553	8.31894	8.38904	8.48546	
2.14713	1.6727	1.52779	1.47405	1.33805	1.56687	1.38448	1.47854	1.57153	1.77948	2.03683	2.32756	2.64207	2.97638	3.33686	3.72039	4.11034	4.49923	4.88652	5.26772	5.62955	5.96172	6.26602	6.5492	6.80171	7.02166	7.20968	7.36609	7.48788	7.57671	7.63563	7.67045	7.71451	7.79141	7.8937	8.02455	
2.43247	1.99358	1.87534	1.84647	1.73633	1.55252	1.81329	1.60986	1.71598	1.82618	2.05612	2.32696	2.63271	2.95434	3.29909	3.66412	4.03237	4.39654	4.75633	5.10769	5.43773	5.73672	6.0065	6.25385	6.46986	6.65297	6.80427	6.92495	7.01245	7.07152	7.11148	7.15762	7.23078	7.34073	7.4788	7.64608	
2.78471	2.38618	2.29634	2.29116	2.20367	2.04626	1.79583	2.11005	1.86735	1.98598	2.11378	2.35271	2.63463	2.95189	3.29058	3.6462	4.00122	4.34848	4.68781	5.01557	5.3193	5.59002	5.8294	6.04391	6.22556	6.37298	6.48767	6.57193	6.625	6.6613	6.70534	6.77796	6.8826	7.02512	7.1978	7.40035	
3.20787	2.85055	2.78788	2.80325	2.73408	2.59818	2.3335	2.06728	2.41591	2.14944	2.28116	2.41344	2.65887	2.94788	3.27687	3.61935	3.95754	4.28451	4.60022	4.90148	5.17637	5.41666	5.62386	5.80427	5.95078	6.0624	6.14159	6.19403	6.22763	6.27602	6.34958	6.45657	6.59638	6.77418	6.98262	7.22103	
3.70396	3.38555	3.34615	3.07466	3.32006	3.19955	2.91266	2.64255	2.35285	2.72611	2.44599	2.57748	2.71148	2.95942	3.26023	3.58257	3.89711	4.19727	4.48325	4.75239	4.99341	5.19877	5.37	5.51361	5.62339	5.69953	5.74893	5.79087	5.84389	5.92604	6.03618	6.17997	6.3564	6.57079	6.81531	7.08949	
4.27339	3.99234	3.97333	3.71309	3.39773	3.85603	3.54048	3.25869	2.95623	2.65265	3.05248	2.74435	2.87264	3.00426	3.25954	3.56561	3.85993	4.13623	4.39488	4.63375	4.8423	5.01387	5.14984	5.25674	5.32979	5.37234	5.40793	5.4664	5.551	5.66862	5.81543	5.99609	6.20931	6.46044	6.74139	7.05177	
4.91611	4.67107	4.67001	4.41762	4.10598	3.75486	4.22067	3.92053	3.5978	3.28199	2.96625	3.35298	3.04065	3.16161	3.29577	3.55256	3.82957	4.08465	4.31816	4.5285	4.70598	4.84504	4.94666	5.01696	5.05371	5.07763	5.13102	5.21958	5.33898	5.49282	5.6764	5.8939	6.14388	6.43173	6.74912	7.088	
5.63215	5.42256	5.43803	5.19124	4.8805	4.53216	4.12449	4.63628	4.28732	3.95232	3.62663	3.28329	3.6499	3.33323	3.45179	3.58273	3.81907	4.05944	4.27379	4.4609	4.61212	4.72357	4.79539	4.83085	4.83715	4.88076	4.96393	5.08514	5.23944	5.4291	5.64906	5.90318	6.18054	6.4684	6.78572	7.13224	
6.4179	6.24218	5.83947	6.02766	5.71448	5.36533	4.91552	4.50567	5.01769	4.65685	4.31377	3.93697	3.59366	3.92113	3.62005	3.73082	3.83723	4.04368	4.23824	4.40188	4.52723	4.61276	4.65902	4.6685	4.70612	4.78371	4.90133	5.05745	5.24716	5.46463	5.68452	5.93841	6.22487	6.54004	6.85697	7.20317	
7.26712	7.12195	6.7294	6.28348	6.59545	6.24084	5.74404	5.2996	4.88348	5.37951	5.01118	4.5938	4.20955	3.88096	4.17105	3.88331	3.96593	4.0393	4.20795	4.34275	4.43789	4.49543	4.52388	4.55955	4.63321	4.74697	4.90067	5.09267	5.28239	5.50695	5.75383	6.00672	6.29241	6.61645	6.95978	7.30501	
8.16548	8.04659	7.65934	7.20635	6.73887	7.1412	6.59259	6.10775	5.64728	5.24555	5.70276	5.2384	4.80615	4.42889	4.13896	4.36707	4.09416	4.1414	4.17889	4.28261	4.34641	4.37957	4.41666	4.48407	4.59045	4.73674	4.92262	5.12421	5.34784	5.57126	5.82391	6.10241	6.38626	6.7091	7.06002	7.43084	
9.09676	8.99864	8.61076	8.14468	7.65936	7.19114	7.44037	6.90915	6.39828	5.9503	5.57804	5.85046	5.36375	4.93122	4.60184	4.35094	4.45172	4.23598	4.24581	4.24639	4.27455	4.30003	4.36113	4.4599	4.59707	4.76649	4.95132	5.17355	5.4046	5.66007	5.90962	6.19184	6.50001	6.82027	7.16823	7.54551	
10.0099	9.92671	9.53233	9.04758	8.53947	8.05077	7.59075	7.65771	7.09248	6.59416	6.17809	5.85019	5.85097	5.36113	4.99104	4.70171	4.49397	4.45067	4.30856	4.28673	4.26167	4.30026	4.37698	4.47748	4.61152	4.7846	4.99002	5.20866	5.45698	5.71708	5.99597	6.27241	6.58262	6.9261	7.26942	7.6424	
10.9107	10.8362	10.4291	9.91988	9.3837	8.86967	8.34547	7.94051	7.73331	7.18009	6.71551	6.32854	6.0592	5.71916	5.30657	4.97956	4.71002	4.60102	4.40557	4.36448	4.35952	4.33272	4.40432	4.51854	4.65035	4.8166	5.02252	5.25873	5.4998	5.77402	6.05456	6.35733	6.65975	7.00385	7.36813	7.73492	
11.8049	11.7327	11.3067	10.7669	10.1972	9.65266	9.06056	8.59563	8.32517	7.71201	7.19349	6.74354	6.40987	6.00625	5.54847	5.18511	4.85971	4.701	4.49846	4.49203	4.53008	4.54557	4.46857	4.57537	4.71727	4.87765	5.07344	5.30694	5.5619	5.82554	6.11706	6.41824	6.74474	7.07934	7.44176	7.82776	
12.6987	12.6222	12.1709	11.5945	10.9856	10.4053	9.74173	9.21201	8.87363	8.19519	7.61654	7.09924	6.69635	6.22427	5.71687	5.31989	4.95466	4.7919	4.63529	4.68535	4.61398	4.67264	4.80799	4.67155	4.80302	4.97025	5.15702	5.37726	5.62597	5.90015	6.17792	6.48673	6.8092	7.16591	7.51621	7.89844	
13.562	13.4754	12.9934	12.3754	11.7232	11.103	10.3657	9.76806	9.35893	8.6121	7.97003	7.38355	6.90999	6.36962	5.82212	5.4229	5.06845	4.94348	4.84437	4.76829	4.9262	4.7866	4.86807	5.12239	4.91735	5.06982	5.2594	5.4668	5.69822	5.9624	6.24732	6.53888	6.86643	7.21701	7.58688	7.95515	
14.3972	14.2944	13.776	13.1114	12.4113	11.7473	10.934	10.2653	9.78248	8.9639	8.25463	7.59684	7.05085	6.44429	5.89231	5.54284	5.23615	5.16417	5.12622	5.10668	4.95892	5.1946	5.00977	5.11811	5.45022	5.2006	5.37137	5.57766	5.79217	6.03516	6.30654	6.60152	6.90899	7.26224	7.62324	8.00906	
15.1884	15.0649	14.5062	13.7917	13.0411	12.3308	11.4405	10.6992	10.1416	9.25016	8.47324	7.74499	7.1318	6.49668	6.00285	5.72067	5.46915	5.45042	5.47095	5.50399	5.39283	5.18516	5.49212	5.27422	5.39476	5.77896	5.504	5.68766	5.89728	6.11976	6.36679	6.64499	6.95344	7.28454	7.64603	8.02139	
15.9305	15.7813	15.1784	14.4105	13.6065	12.8474	11.8793	11.0639	10.4305	9.46536	8.62162	7.82761	7.18315	6.59737	6.17801	5.96724	5.77328	5.80668	5.6563	5.70108	5.88347	5.68636	5.4464	5.83549	5.5626	5.69105	6.11603	5.8186	6.00143	6.21496	6.43793	6.68806	6.97687	7.30647	7.64335	8.0147	
16.6179	16.4383	15.7872	14.963	14.1032	13.2935	12.2469	11.3567	10.647	9.60886	8.70624	7.88221	7.28431	6.76784	6.42479	6.2861	6.1492	5.98602	6.13355	5.91688	5.97359	6.23402	6.00672	5.74188	6.16006	5.86451	5.99799	6.4407	6.12456	6.30706	6.51739	6.73959	6.9973	7.3046	7.63562	7.97735	
17.2374	17.0246	16.3236	15.4419	14.5262	13.6665	12.5419	11.5787	10.7961	9.69697	8.78474	7.99424	7.45879	7.01143	6.74369	6.6757	6.59196	6.47297	6.25241	6.48717	6.20989	6.26338	6.58933	6.346	6.04241	6.46209	6.16351	6.29656	6.7033	6.40955	6.58544	6.79152	7.01868	7.2927	7.58962	7.8961	
17.7908	17.5412	16.7878	15.8474	14.8755	13.9667	12.7651	11.7326	10.8881	9.77323	8.91138	8.17589	7.70685	7.32843	7.13532	7.13696	7.10346	7.0244	6.8447	6.56455	6.84288	6.51923	6.56989	6.97175	6.656	6.34261	6.75444	6.45377	6.57329	6.94525	6.66692	6.83448	7.04228	7.28294	7.5465	7.81816	
18.2801	17.9893	17.1806	16.1797	15.151	14.1946	12.9184	11.8273	10.9626	9.89465	9.1032	8.4295	8.02855	7.71897	7.60001	7.40208	7.68494	7.64239	7.4994	7.24653	6.90689	7.18292	6.84443	6.8974	7.29048	6.95476	6.63913	7.02676	6.72236	6.82821	7.14737	6.89411	7.05937	7.27707	7.50834	7.74579	
18.7273	18.4025	17.5464	16.494	15.4191	14.4287	13.0898	11.9647	11.0972	10.0674	9.33645	8.71448	8.37332	8.12555	8.07671	7.9435	7.69328	8.25403	8.14091	7.90895	7.5654	7.22261	7.45662	7.15008	7.19047	7.5144	7.17619	6.89641	7.19982	6.94723	7.03877	7.29155	7.09245	7.27034	7.48095	7.70087	
19.1353	18.7873	17.8957	16.8053	15.6993	14.6911	13.3053	12.1643	11.3011	10.3031	9.62349	9.0427	8.75146	8.55662	8.5721	8.49802	8.2803	7.99702	8.31148	8.55099	8.19557	7.81846	7.50727	7.7116	7.4154	7.43994	7.64829	7.34311	7.10054	7.32796	7.12424	7.20629	7.43336	7.27975	7.46206	7.66735	
19.5258	19.1691	18.2569	17.144	16.0215	15.0084	13.5864	12.437	11.5773	10.6035	9.96568	9.41508	9.16268	9.01041	8.81196	9.06086	8.86614	8.59365	8.30143	8.60817	8.78881	8.37008	8.02493	7.75865	7.88174	7.63037	7.6398	7.71607	7.43583	7.25621	7.41502	7.26555	7.35659	7.62647	7.46407	7.66492	
19.8981	19.5469	18.6288	17.508	16.382	15.3751	13.9265	12.7761	11.9229	10.9718	10.3715	9.84499	9.62406	9.50647	9.3584	9.10809	9.47296	9.20236	8.91326	8.60532	8.89473	8.89946	8.51173	8.22129	7.96789	8.00485	7.79908	7.79268	7.70184	7.49962	7.37042	7.49747	7.39675	7.5164	7.8178	7.66367	
